17 0.362386 0.077161 0.069939 0.084918
3 0.466592 0.074931 0.069676 0.087086
19 0.592346 0.077435 0.071284 0.085741
15 0.132585 0.072154 0.059049 0.067771
4 0.867634 0.259552 0.070667 0.086376
8 0.866754 0.396787 0.068903 0.081308
0 0.868426 0.561882 0.069949 0.084882
5 0.867594 0.696289 0.070465 0.086650
18 0.867644 0.850311 0.068352 0.083275
6 0.156178 0.836040 0.071052 0.083960
2 0.069040 0.165641 0.031608 0.038929
10 0.104540 0.264009 0.032720 0.040306
11 0.127553 0.349028 0.031052 0.038249
11 0.357978 0.343562 0.031608 0.038249
11 0.609474 0.343225 0.031052 0.040306
9 0.127826 0.489950 0.031608 0.038929
9 0.357705 0.490760 0.032164 0.038929
9 0.610010 0.490760 0.031608 0.036202
13 0.081800 0.207300 0.033832 0.040306
16 0.448928 0.532428 0.033832 0.041669
16 0.684627 0.743823 0.031608 0.040984
12 0.248726 0.835691 0.068210 0.085380
12 0.386542 0.836389 0.068766 0.085380
7 0.500778 0.837073 0.067654 0.085380
1 0.689343 0.631121 0.074317 0.090162
1 0.448928 0.632142 0.074863 0.092204
1 0.199929 0.628394 0.075976 0.092899
1 0.686006 0.839452 0.073205 0.091533
14 0.445045 0.396837 0.051577 0.057372
14 0.203529 0.398605 0.051021 0.055330
14 0.689050 0.397522 0.050465 0.057372